12 12 0  0.29
11 11 0  0.27
10 10 0  0.24
 9  9 0  0.20
12  8 1  0.20
12 11 1  0.20
12 10 1  0.20
 8  8 0  0.19
12  9 1  0.19
12 11 0  0.19
12  7 1  0.18
12  2 1  0.18
11 10 1  0.18
12  8 0  0.17
12  6 1  0.17
12  3 1  0.17
12  1 1  0.17
12 10 0  0.17
 7  7 0  0.16
12  9 0  0.16
12  6 0  0.16
12  5 1  0.16
12  4 1  0.16
11  9 1  0.16
11  5 1  0.16
11 10 0  0.16
10  8 1  0.16
 9  8 1  0.15
 6  6 0  0.15
12  7 0  0.15
12  1 0  0.15
12  0 1  0.15
11  9 0  0.15
11  8 1  0.15
11  7 1  0.15
11  6 1  0.15
10  9 1  0.15
10  5 1  0.15
 9  6 1  0.14
 8  5 1  0.14
 6  5 1  0.14
 5  5 0  0.14
 5  2 1  0.14
 4  4 0  0.14
12  5 0  0.14
12  4 0  0.14
12  3 0  0.14
11  8 0  0.14
11  3 1  0.14
11  1 1  0.14
11  0 1  0.14
 9  8 0  0.13
 9  7 1  0.13
 8  4 1  0.13
 7  5 1  0.13
 6  3 1  0.13
 3  3 0  0.13
 2  2 0  0.13
 2  1 1  0.13
12  2 0  0.13
12  0 0  0.13
11  7 0  0.13
11  4 1  0.13
11  2 1  0.13
10  9 0  0.13
10  8 0  0.13
10  0 1  0.13
 9  5 1  0.12
 9  1 1  0.12
 8  7 1  0.12
 8  7 0  0.12
 8  6 1  0.12
 7  6 1  0.12
 7  1 1  0.12
 6  4 1  0.12
 5  4 1  0.12
 5  3 1  0.12
 3  2 1  0.12
11  6 0  0.12
11  5 0  0.12
11  4 0  0.12
11  3 0  0.12
 1  1 0  0.12
10  7 1  0.12
10  6 1  0.12
10  2 1  0.12
 0  0 0  0.12
 9  7 0  0.11
 9  6 0  0.11
 9  5 0  0.11
 9  4 1  0.11
 9  0 1  0.11
 8  3 1  0.11
 7  6 0  0.11
 7  3 1  0.11
 4  2 1  0.11
 4  1 1  0.11
 3  0 1  0.11
11  2 0  0.11
11  1 0  0.11
11  0 0  0.11
10  7 0  0.11
10  5 0  0.11
10  4 1  0.11
10  3 1  0.11
10  2 0  0.11
10  1 1  0.11
 9  3 1  0.10
 9  3 0  0.10
 8  6 0  0.10
 8  2 1  0.10
 8  0 1  0.10
 7  0 1  0.10
 6  5 0  0.10
 6  4 0  0.10
 6  2 1  0.10
 6  0 1  0.10
 5  1 1  0.10
 4  3 1  0.10
 3  1 1  0.10
10  6 0  0.10
10  4 0  0.10
10  3 0  0.10
10  1 0  0.10
10  0 0  0.10
 9  4 0  0.09
 9  2 1  0.09
 9  2 0  0.09
 9  1 0  0.09
 8  5 0  0.09
 8  4 0  0.09
 8  3 0  0.09
 8  1 1  0.09
 8  0 0  0.09
 7  5 0  0.09
 7  4 1  0.09
 7  4 0  0.09
 7  2 1  0.09
 6  3 0  0.09
 6  1 1  0.09
 6  1 0  0.09
 5  4 0  0.09
 5  3 0  0.09
 5  2 0  0.09
 4  3 0  0.09
 4  1 0  0.09
 4  0 1  0.09
 2  0 1  0.09
 1  0 1  0.09
 9  0 0  0.08
 8  2 0  0.08
 8  1 0  0.08
 7  3 0  0.08
 7  2 0  0.08
 6  2 0  0.08
 6  0 0  0.08
 5  1 0  0.08
 5  0 1  0.08
 4  2 0  0.08
 3  2 0  0.08
 3  1 0  0.08
 2  0 0  0.08
 7  1 0  0.07
 7  0 0  0.07
 5  0 0  0.07
 4  0 0  0.07
 3  0 0  0.07
 2  1 0  0.07
 1  0 0  0.07
