12 12 0  1.83
12 11 0  0.75
11 11 0  1.55
12 10 0  0.49
11 10 0  0.25
10 10 0  1.08
12  9 0  0.38
11  9 0  0.16
10  9 0  0.12
 9  9 0  0.73
12  8 0  0.46
11  8 0  0.22
10  8 0 -0.01
 9  8 0  0.07
 8  8 0  0.67
12  7 0  0.23
11  7 0  0.01
10  7 0 -0.04
 9  7 0 -0.08
 8  7 0  0.02
 7  7 0  0.51
12  6 0  0.20
11  6 0 -0.14
10  6 0 -0.17
 9  6 0 -0.19
 8  6 0 -0.13
 7  6 0 -0.11
 6  6 0  0.48
12  5 0  0.18
11  5 0 -0.13
10  5 0 -0.23
 9  5 0 -0.22
 8  5 0 -0.13
 7  5 0 -0.14
 6  5 0 -0.16
 5  5 0  0.36
12  4 0  0.15
11  4 0 -0.15
10  4 0 -0.24
 9  4 0 -0.31
 8  4 0 -0.29
 7  4 0 -0.27
 6  4 0 -0.22
 5  4 0 -0.23
 4  4 0  0.30
12  3 0  0.21
11  3 0 -0.10
10  3 0 -0.28
 9  3 0 -0.34
 8  3 0 -0.36
 7  3 0 -0.37
 6  3 0 -0.30
 5  3 0 -0.21
 4  3 0 -0.18
 3  3 0  0.22
12  2 0  0.11
11  2 0 -0.21
10  2 0 -0.28
 9  2 0 -0.29
 8  2 0 -0.33
 7  2 0 -0.43
 6  2 0 -0.38
 5  2 0 -0.29
 4  2 0 -0.27
 3  2 0 -0.17
 2  2 0  0.25
12  1 0  0.18
11  1 0 -0.14
10  1 0 -0.25
 9  1 0 -0.34
 8  1 0 -0.40
 7  1 0 -0.40
 6  1 0 -0.47
 5  1 0 -0.39
 4  1 0 -0.33
 3  1 0 -0.26
 2  1 0 -0.27
 1  1 0  0.25
12  0 0  0.21
11  0 0 -0.12
10  0 0 -0.30
 9  0 0 -0.28
 8  0 0 -0.37
 7  0 0 -0.46
 6  0 0 -0.37
 5  0 0 -0.48
 4  0 0 -0.45
 3  0 0 -0.32
 2  0 0 -0.37
 1  0 0 -0.43
 0  0 0  0.25
12 11 1  0.83
12 10 1  1.02
11 10 1  0.78
12  9 1  0.94
11  9 1  0.57
10  9 1  0.41
12  8 1  0.75
11  8 1  0.39
10  8 1  0.46
 9  8 1  0.46
12  7 1  0.76
11  7 1  0.53
10  7 1  0.17
 9  7 1  0.48
 8  7 1  0.42
12  6 1  0.70
11  6 1  0.40
10  6 1  0.35
 9  6 1  0.24
 8  6 1  0.30
 7  6 1  0.11
12  5 1  0.44
11  5 1  0.28
10  5 1  0.29
 9  5 1  0.12
 8  5 1  0.19
 7  5 1  0.27
 6  5 1  0.13
12  4 1  0.67
11  4 1  0.30
10  4 1  0.20
 9  4 1  0.19
 8  4 1  0.18
 7  4 1  0.07
 6  4 1  0.11
 5  4 1  0.15
12  3 1  0.63
11  3 1  0.21
10  3 1  0.04
 9  3 1 -0.02
 8  3 1 -0.02
 7  3 1  0.08
 6  3 1  0.02
 5  3 1  0.19
 4  3 1  0.15
12  2 1  0.55
11  2 1  0.26
10  2 1  0.10
 9  2 1  0.07
 8  2 1 -0.01
 7  2 1  0.03
 6  2 1  0.06
 5  2 1  0.13
 4  2 1  0.14
 3  2 1  0.12
12  1 1  0.61
11  1 1  0.22
10  1 1  0.25
 9  1 1 -0.03
 8  1 1 -0.12
 7  1 1  0.01
 6  1 1 -0.12
 5  1 1 -0.13
 4  1 1  0.12
 3  1 1  0.20
 2  1 1  0.16
12  0 1  0.60
11  0 1  0.13
10  0 1  0.08
 9  0 1  0.10
 8  0 1  0.00
 7  0 1 -0.03
 6  0 1 -0.06
 5  0 1 -0.18
 4  0 1  0.05
 3  0 1 -0.03
 2  0 1 -0.03
 1  0 1 -0.07
