12 12 0  0.31
11 11 0  0.28
10 10 0  0.23
 9  9 0  0.22
12  8 1  0.21
12 11 1  0.21
12 10 1  0.21
11 10 1  0.21
10  9 1  0.21
12  9 1  0.20
12  5 1  0.20
12  3 1  0.20
12 11 0  0.20
 7  7 0  0.19
12  6 1  0.19
11  9 1  0.19
 6  6 0  0.18
12  7 1  0.18
12  4 1  0.18
12  2 1  0.18
11  8 1  0.18
10  8 1  0.18
 9  8 1  0.17
 8  8 0  0.17
 6  5 1  0.17
 5  5 0  0.17
 3  3 0  0.17
12  9 0  0.17
12  8 0  0.17
12  1 1  0.17
12 10 0  0.17
 9  5 1  0.16
 7  6 1  0.16
 4  4 0  0.16
12  5 0  0.16
12  0 1  0.16
11  7 1  0.16
11  0 1  0.16
10  6 1  0.16
10  5 1  0.16
 9  7 1  0.15
 9  2 1  0.15
 8  6 1  0.15
 6  4 1  0.15
 5  4 1  0.15
 4  3 1  0.15
12  7 0  0.15
12  4 0  0.15
12  2 0  0.15
12  1 0  0.15
12  0 0  0.15
11  6 1  0.15
11  5 1  0.15
11  4 1  0.15
11  3 1  0.15
11  2 1  0.15
11  1 1  0.15
11 10 0  0.15
 1  1 0  0.15
10  7 1  0.15
 9  6 1  0.14
 9  4 1  0.14
 9  3 1  0.14
 8  7 1  0.14
 8  5 1  0.14
 8  3 1  0.14
 4  2 1  0.14
 2  2 0  0.14
12  6 0  0.14
12  3 0  0.14
11  9 0  0.14
11  8 0  0.14
10  9 0  0.14
10  2 1  0.14
 1  0 1  0.14
 0  0 0  0.14
 9  8 0  0.13
 9  1 1  0.13
 9  0 1  0.13
 8  7 0  0.13
 7  5 1  0.13
 5  2 1  0.13
 4  1 1  0.13
 3  2 1  0.13
 3  1 1  0.13
 2  0 1  0.13
11  7 0  0.13
10  8 0  0.13
10  3 1  0.13
10  1 1  0.13
 9  7 0  0.12
 9  6 0  0.12
 8  6 0  0.12
 8  4 1  0.12
 8  2 1  0.12
 8  1 1  0.12
 7  4 1  0.12
 7  3 1  0.12
 7  2 1  0.12
 7  1 1  0.12
 7  0 1  0.12
 6  2 1  0.12
 5  3 1  0.12
 5  1 1  0.12
 2  1 1  0.12
11  3 0  0.12
10  7 0  0.12
10  4 1  0.12
10  0 1  0.12
 9  5 0  0.11
 8  5 0  0.11
 8  0 1  0.11
 6  4 0  0.11
 6  3 1  0.11
 6  1 1  0.11
 6  0 1  0.11
 4  0 1  0.11
 3  0 1  0.11
11  6 0  0.11
11  4 0  0.11
11  2 0  0.11
10  6 0  0.11
10  4 0  0.11
 9  4 0  0.10
 9  2 0  0.10
 8  4 0  0.10
 7  6 0  0.10
 7  5 0  0.10
 6  5 0  0.10
 5  4 0  0.10
 5  3 0  0.10
 5  0 1  0.10
 4  3 0  0.10
 4  2 0  0.10
11  5 0  0.10
11  1 0  0.10
11  0 0  0.10
10  3 0  0.10
10  2 0  0.10
10  1 0  0.10
 9  3 0  0.09
 9  1 0  0.09
 9  0 0  0.09
 8  3 0  0.09
 8  1 0  0.09
 8  0 0  0.09
 7  4 0  0.09
 7  3 0  0.09
 6  3 0  0.09
 6  2 0  0.09
 5  2 0  0.09
 5  1 0  0.09
 3  2 0  0.09
 3  1 0  0.09
 3  0 0  0.09
 2  1 0  0.09
10  5 0  0.09
10  0 0  0.09
 8  2 0  0.08
 7  2 0  0.08
 7  1 0  0.08
 6  1 0  0.08
 4  1 0  0.08
 4  0 0  0.08
 2  0 0  0.08
 1  0 0  0.08
 7  0 0  0.07
 6  0 0  0.07
 5  0 0  0.07
