12 12 0  0.66
12 11 0  0.26
11 11 0  0.59
12 10 0  0.30
11 10 0  0.14
10 10 0  0.57
12  9 0  0.25
11  9 0  0.16
10  9 0  0.18
 9  9 0  0.52
12  8 0  0.30
11  8 0  0.10
10  8 0  0.14
 9  8 0  0.08
 8  8 0  0.33
12  7 0  0.25
11  7 0  0.10
10  7 0  0.07
 9  7 0  0.04
 8  7 0  0.00
 7  7 0  0.38
12  6 0  0.24
11  6 0  0.08
10  6 0  0.02
 9  6 0  0.01
 8  6 0 -0.05
 7  6 0 -0.08
 6  6 0  0.24
12  5 0  0.20
11  5 0  0.04
10  5 0 -0.02
 9  5 0 -0.03
 8  5 0 -0.02
 7  5 0 -0.08
 6  5 0 -0.10
 5  5 0  0.26
12  4 0  0.28
11  4 0  0.10
10  4 0 -0.01
 9  4 0 -0.07
 8  4 0 -0.09
 7  4 0 -0.09
 6  4 0 -0.15
 5  4 0 -0.21
 4  4 0  0.23
12  3 0  0.23
11  3 0  0.06
10  3 0 -0.01
 9  3 0 -0.07
 8  3 0 -0.15
 7  3 0 -0.17
 6  3 0 -0.21
 5  3 0 -0.25
 4  3 0 -0.23
 3  3 0  0.23
12  2 0  0.23
11  2 0  0.00
10  2 0 -0.09
 9  2 0 -0.09
 8  2 0 -0.17
 7  2 0 -0.21
 6  2 0 -0.18
 5  2 0 -0.22
 4  2 0 -0.24
 3  2 0 -0.22
 2  2 0  0.12
12  1 0  0.19
11  1 0  0.03
10  1 0 -0.08
 9  1 0 -0.06
 8  1 0 -0.11
 7  1 0 -0.14
 6  1 0 -0.21
 5  1 0 -0.23
 4  1 0 -0.31
 3  1 0 -0.27
 2  1 0 -0.26
 1  1 0  0.08
12  0 0  0.20
11  0 0  0.02
10  0 0 -0.06
 9  0 0 -0.10
 8  0 0 -0.08
 7  0 0 -0.20
 6  0 0 -0.21
 5  0 0 -0.26
 4  0 0 -0.24
 3  0 0 -0.28
 2  0 0 -0.29
 1  0 0 -0.27
 0  0 0  0.06
12 11 1  0.29
12 10 1  0.38
11 10 1  0.22
12  9 1  0.31
11  9 1  0.28
10  9 1  0.23
12  8 1  0.30
11  8 1  0.19
10  8 1  0.15
 9  8 1  0.07
12  7 1  0.24
11  7 1  0.21
10  7 1  0.09
 9  7 1  0.08
 8  7 1  0.11
12  6 1  0.38
11  6 1  0.21
10  6 1  0.07
 9  6 1  0.11
 8  6 1 -0.01
 7  6 1 -0.07
12  5 1  0.25
11  5 1  0.15
10  5 1  0.04
 9  5 1  0.01
 8  5 1 -0.02
 7  5 1  0.04
 6  5 1  0.09
12  4 1  0.20
11  4 1  0.15
10  4 1  0.07
 9  4 1 -0.04
 8  4 1 -0.14
 7  4 1 -0.12
 6  4 1 -0.24
 5  4 1 -0.14
12  3 1  0.20
11  3 1  0.10
10  3 1 -0.04
 9  3 1 -0.07
 8  3 1 -0.07
 7  3 1 -0.09
 6  3 1 -0.18
 5  3 1 -0.04
 4  3 1 -0.18
12  2 1  0.21
11  2 1  0.07
10  2 1  0.03
 9  2 1 -0.07
 8  2 1 -0.00
 7  2 1 -0.03
 6  2 1 -0.15
 5  2 1 -0.12
 4  2 1 -0.12
 3  2 1 -0.22
12  1 1  0.24
11  1 1  0.10
10  1 1 -0.02
 9  1 1 -0.01
 8  1 1  0.03
 7  1 1 -0.11
 6  1 1 -0.14
 5  1 1 -0.08
 4  1 1 -0.21
 3  1 1 -0.11
 2  1 1 -0.16
12  0 1  0.22
11  0 1  0.07
10  0 1  0.01
 9  0 1 -0.09
 8  0 1 -0.09
 7  0 1 -0.03
 6  0 1 -0.19
 5  0 1 -0.18
 4  0 1 -0.16
 3  0 1 -0.12
 2  0 1 -0.24
 1  0 1 -0.23
