12 12 0  1.46
12 11 0  0.55
11 11 0  1.22
12 10 0  0.54
11 10 0  0.33
10 10 0  0.96
12  9 0  0.45
11  9 0  0.26
10  9 0  0.24
 9  9 0  0.78
12  8 0  0.41
11  8 0  0.30
10  8 0  0.15
 9  8 0  0.15
 8  8 0  0.64
12  7 0  0.34
11  7 0  0.08
10  7 0  0.12
 9  7 0 -0.03
 8  7 0 -0.08
 7  7 0  0.47
12  6 0  0.35
11  6 0  0.03
10  6 0 -0.01
 9  6 0 -0.06
 8  6 0 -0.13
 7  6 0 -0.02
 6  6 0  0.42
12  5 0  0.30
11  5 0  0.10
10  5 0 -0.10
 9  5 0 -0.14
 8  5 0 -0.13
 7  5 0 -0.15
 6  5 0 -0.19
 5  5 0  0.31
12  4 0  0.32
11  4 0  0.07
10  4 0 -0.08
 9  4 0 -0.23
 8  4 0 -0.20
 7  4 0 -0.19
 6  4 0 -0.20
 5  4 0 -0.23
 4  4 0  0.22
12  3 0  0.27
11  3 0  0.04
10  3 0 -0.05
 9  3 0 -0.20
 8  3 0 -0.24
 7  3 0 -0.24
 6  3 0 -0.29
 5  3 0 -0.16
 4  3 0 -0.24
 3  3 0  0.09
12  2 0  0.30
11  2 0  0.01
10  2 0 -0.15
 9  2 0 -0.22
 8  2 0 -0.25
 7  2 0 -0.31
 6  2 0 -0.33
 5  2 0 -0.31
 4  2 0 -0.29
 3  2 0 -0.28
 2  2 0  0.03
12  1 0  0.38
11  1 0  0.02
10  1 0 -0.11
 9  1 0 -0.20
 8  1 0 -0.31
 7  1 0 -0.35
 6  1 0 -0.39
 5  1 0 -0.35
 4  1 0 -0.34
 3  1 0 -0.36
 2  1 0 -0.36
 1  1 0  0.05
12  0 0  0.18
11  0 0 -0.04
10  0 0 -0.09
 9  0 0 -0.24
 8  0 0 -0.33
 7  0 0 -0.32
 6  0 0 -0.36
 5  0 0 -0.42
 4  0 0 -0.41
 3  0 0 -0.36
 2  0 0 -0.40
 1  0 0 -0.36
 0  0 0 -0.03
12 11 1  0.76
12 10 1  0.57
11 10 1  0.49
12  9 1  0.46
11  9 1  0.41
10  9 1  0.23
12  8 1  0.58
11  8 1  0.46
10  8 1  0.23
 9  8 1  0.15
12  7 1  0.46
11  7 1  0.22
10  7 1  0.15
 9  7 1  0.04
 8  7 1  0.24
12  6 1  0.48
11  6 1  0.17
10  6 1  0.06
 9  6 1  0.01
 8  6 1 -0.03
 7  6 1  0.01
12  5 1  0.56
11  5 1  0.25
10  5 1  0.18
 9  5 1  0.06
 8  5 1  0.01
 7  5 1  0.07
 6  5 1  0.03
12  4 1  0.40
11  4 1  0.01
10  4 1 -0.02
 9  4 1  0.03
 8  4 1 -0.15
 7  4 1 -0.18
 6  4 1 -0.06
 5  4 1 -0.07
12  3 1  0.42
11  3 1  0.22
10  3 1 -0.03
 9  3 1 -0.07
 8  3 1 -0.17
 7  3 1 -0.02
 6  3 1 -0.02
 5  3 1 -0.09
 4  3 1 -0.07
12  2 1  0.49
11  2 1  0.06
10  2 1  0.07
 9  2 1 -0.04
 8  2 1 -0.26
 7  2 1 -0.09
 6  2 1 -0.04
 5  2 1 -0.21
 4  2 1 -0.18
 3  2 1 -0.04
12  1 1  0.48
11  1 1  0.09
10  1 1 -0.10
 9  1 1  0.10
 8  1 1 -0.06
 7  1 1 -0.22
 6  1 1 -0.08
 5  1 1 -0.26
 4  1 1 -0.19
 3  1 1 -0.19
 2  1 1 -0.20
12  0 1  0.45
11  0 1  0.09
10  0 1  0.07
 9  0 1  0.01
 8  0 1 -0.07
 7  0 1 -0.10
 6  0 1 -0.14
 5  0 1 -0.29
 4  0 1 -0.19
 3  0 1 -0.23
 2  0 1 -0.29
 1  0 1 -0.18
