12 12 0  1.67
12 11 0  0.67
11 11 0  1.36
12 10 0  0.50
11 10 0  0.41
10 10 0  1.13
12  9 0  0.54
11  9 0  0.22
10  9 0  0.12
 9  9 0  0.88
12  8 0  0.39
11  8 0  0.26
10  8 0  0.08
 9  8 0  0.10
 8  8 0  0.74
12  7 0  0.28
11  7 0  0.07
10  7 0 -0.02
 9  7 0  0.02
 8  7 0 -0.04
 7  7 0  0.37
12  6 0  0.33
11  6 0  0.03
10  6 0 -0.05
 9  6 0 -0.12
 8  6 0 -0.06
 7  6 0 -0.11
 6  6 0  0.30
12  5 0  0.31
11  5 0  0.06
10  5 0 -0.09
 9  5 0 -0.12
 8  5 0 -0.15
 7  5 0 -0.25
 6  5 0 -0.15
 5  5 0  0.30
12  4 0  0.22
11  4 0  0.06
10  4 0 -0.11
 9  4 0 -0.23
 8  4 0 -0.27
 7  4 0 -0.26
 6  4 0 -0.22
 5  4 0 -0.23
 4  4 0  0.25
12  3 0  0.32
11  3 0 -0.02
10  3 0 -0.17
 9  3 0 -0.25
 8  3 0 -0.31
 7  3 0 -0.30
 6  3 0 -0.26
 5  3 0 -0.34
 4  3 0 -0.29
 3  3 0  0.04
12  2 0  0.25
11  2 0 -0.13
10  2 0 -0.20
 9  2 0 -0.24
 8  2 0 -0.36
 7  2 0 -0.32
 6  2 0 -0.32
 5  2 0 -0.35
 4  2 0 -0.36
 3  2 0 -0.33
 2  2 0  0.08
12  1 0  0.29
11  1 0  0.01
10  1 0 -0.17
 9  1 0 -0.34
 8  1 0 -0.27
 7  1 0 -0.40
 6  1 0 -0.43
 5  1 0 -0.44
 4  1 0 -0.45
 3  1 0 -0.35
 2  1 0 -0.41
 1  1 0  0.01
12  0 0  0.30
11  0 0 -0.07
10  0 0 -0.22
 9  0 0 -0.30
 8  0 0 -0.32
 7  0 0 -0.31
 6  0 0 -0.35
 5  0 0 -0.47
 4  0 0 -0.46
 3  0 0 -0.38
 2  0 0 -0.38
 1  0 0 -0.43
 0  0 0  0.06
12 11 1  0.87
12 10 1  0.68
11 10 1  0.47
12  9 1  0.75
11  9 1  0.53
10  9 1  0.40
12  8 1  0.65
11  8 1  0.42
10  8 1  0.16
 9  8 1  0.29
12  7 1  0.36
11  7 1  0.24
10  7 1  0.19
 9  7 1  0.12
 8  7 1  0.08
12  6 1  0.43
11  6 1  0.26
10  6 1  0.18
 9  6 1  0.17
 8  6 1  0.06
 7  6 1  0.04
12  5 1  0.33
11  5 1  0.23
10  5 1 -0.01
 9  5 1 -0.06
 8  5 1  0.07
 7  5 1 -0.03
 6  5 1 -0.14
12  4 1  0.42
11  4 1  0.27
10  4 1  0.08
 9  4 1  0.01
 8  4 1 -0.09
 7  4 1 -0.03
 6  4 1  0.04
 5  4 1 -0.12
12  3 1  0.52
11  3 1  0.06
10  3 1  0.03
 9  3 1 -0.06
 8  3 1 -0.12
 7  3 1 -0.14
 6  3 1 -0.12
 5  3 1 -0.07
 4  3 1 -0.07
12  2 1  0.48
11  2 1  0.20
10  2 1  0.11
 9  2 1 -0.01
 8  2 1  0.00
 7  2 1 -0.23
 6  2 1 -0.11
 5  2 1 -0.16
 4  2 1 -0.18
 3  2 1 -0.10
12  1 1  0.58
11  1 1  0.14
10  1 1  0.03
 9  1 1 -0.09
 8  1 1 -0.18
 7  1 1 -0.14
 6  1 1 -0.16
 5  1 1 -0.22
 4  1 1 -0.17
 3  1 1 -0.09
 2  1 1 -0.18
12  0 1  0.28
11  0 1  0.09
10  0 1  0.05
 9  0 1 -0.11
 8  0 1 -0.34
 7  0 1 -0.17
 6  0 1 -0.17
 5  0 1 -0.22
 4  0 1 -0.21
 3  0 1 -0.17
 2  0 1 -0.26
 1  0 1 -0.23
