12 12 0  1.83
12 11 0  0.61
11 11 0  1.50
12 10 0  0.55
11 10 0  0.37
10 10 0  1.08
12  9 0  0.50
11  9 0  0.28
10  9 0  0.13
 9  9 0  0.90
12  8 0  0.47
11  8 0  0.27
10  8 0  0.16
 9  8 0  0.11
 8  8 0  0.71
12  7 0  0.32
11  7 0  0.09
10  7 0 -0.02
 9  7 0  0.06
 8  7 0 -0.09
 7  7 0  0.50
12  6 0  0.32
11  6 0  0.01
10  6 0 -0.08
 9  6 0 -0.07
 8  6 0 -0.12
 7  6 0 -0.13
 6  6 0  0.36
12  5 0  0.27
11  5 0 -0.01
10  5 0 -0.10
 9  5 0 -0.12
 8  5 0 -0.10
 7  5 0 -0.15
 6  5 0 -0.18
 5  5 0  0.19
12  4 0  0.25
11  4 0  0.05
10  4 0 -0.15
 9  4 0 -0.17
 8  4 0 -0.23
 7  4 0 -0.24
 6  4 0 -0.20
 5  4 0 -0.25
 4  4 0  0.25
12  3 0  0.33
11  3 0 -0.04
10  3 0 -0.20
 9  3 0 -0.26
 8  3 0 -0.26
 7  3 0 -0.33
 6  3 0 -0.30
 5  3 0 -0.23
 4  3 0 -0.25
 3  3 0  0.14
12  2 0  0.34
11  2 0 -0.00
10  2 0 -0.21
 9  2 0 -0.24
 8  2 0 -0.31
 7  2 0 -0.42
 6  2 0 -0.33
 5  2 0 -0.36
 4  2 0 -0.27
 3  2 0 -0.27
 2  2 0  0.03
12  1 0  0.31
11  1 0 -0.05
10  1 0 -0.23
 9  1 0 -0.27
 8  1 0 -0.31
 7  1 0 -0.39
 6  1 0 -0.40
 5  1 0 -0.45
 4  1 0 -0.31
 3  1 0 -0.35
 2  1 0 -0.33
 1  1 0  0.03
12  0 0  0.27
11  0 0 -0.05
10  0 0 -0.19
 9  0 0 -0.23
 8  0 0 -0.35
 7  0 0 -0.39
 6  0 0 -0.40
 5  0 0 -0.40
 4  0 0 -0.41
 3  0 0 -0.40
 2  0 0 -0.42
 1  0 0 -0.49
 0  0 0  0.10
12 11 1  0.83
12 10 1  0.89
11 10 1  0.47
12  9 1  0.80
11  9 1  0.54
10  9 1  0.28
12  8 1  0.86
11  8 1  0.41
10  8 1  0.17
 9  8 1  0.42
12  7 1  0.58
11  7 1  0.33
10  7 1  0.18
 9  7 1  0.19
 8  7 1  0.12
12  6 1  0.44
11  6 1  0.22
10  6 1  0.23
 9  6 1  0.12
 8  6 1  0.13
 7  6 1  0.12
12  5 1  0.58
11  5 1  0.35
10  5 1  0.24
 9  5 1  0.08
 8  5 1 -0.00
 7  5 1  0.06
 6  5 1  0.06
12  4 1  0.56
11  4 1  0.23
10  4 1  0.05
 9  4 1 -0.05
 8  4 1  0.22
 7  4 1 -0.07
 6  4 1 -0.02
 5  4 1  0.01
12  3 1  0.50
11  3 1  0.18
10  3 1  0.03
 9  3 1  0.06
 8  3 1 -0.14
 7  3 1 -0.11
 6  3 1 -0.20
 5  3 1  0.00
 4  3 1 -0.07
12  2 1  0.60
11  2 1  0.21
10  2 1 -0.03
 9  2 1 -0.13
 8  2 1 -0.06
 7  2 1 -0.10
 6  2 1 -0.11
 5  2 1 -0.05
 4  2 1 -0.03
 3  2 1 -0.05
12  1 1  0.58
11  1 1  0.26
10  1 1 -0.00
 9  1 1  0.07
 8  1 1 -0.09
 7  1 1 -0.16
 6  1 1 -0.18
 5  1 1 -0.18
 4  1 1 -0.17
 3  1 1  0.03
 2  1 1 -0.16
12  0 1  0.55
11  0 1  0.11
10  0 1  0.01
 9  0 1 -0.06
 8  0 1 -0.11
 7  0 1 -0.12
 6  0 1 -0.21
 5  0 1 -0.16
 4  0 1 -0.15
 3  0 1 -0.20
 2  0 1 -0.24
 1  0 1 -0.10
