12 12 0 2.1
12 11 0 0.7
11 11 0 1.8
12 10 0 0.6
11 10 0 0.3
10 10 0 1.4
12  9 0 0.7
11  9 0 0.4
10  9 0 0.4
 9  9 0 0.9
12  8 0 0.6
11  8 0 0.2
10  8 0 0.1
 9  8 0 0.1
 8  8 0 0.9
12  7 0 0.4
11  7 0 0.2
10  7 0 0.0
 9  7 0 0.1
 7  7 0 0.5
12  6 0 0.5
 8  6 0 0.0
 7  6 0 0.0
 6  6 0 0.4
12  5 0 0.4
11  5 0 0.1
 5  5 0 0.6
12  4 0 0.4
 4  4 0 0.2
12  3 0 0.3
11  3 0 0.1
 3  3 0 0.3
12  2 0 0.3
 2  2 0 0.2
12  1 0 0.3
11  1 0 0.0
 1  1 0 0.1
12  0 0 0.2
 0  0 0 0.2
12 11 1 0.8
12 10 1 0.8
11 10 1 0.4
12  9 1 0.3
11  9 1 0.4
10  9 1 0.2
12  8 1 0.4
11  8 1 0.2
10  8 1 0.1
 9  8 1 0.3
12  7 1 0.4
10  7 1 0.2
12  6 1 0.4
12  5 1 0.4
10  5 1 0.0
12  4 1 0.3
 5  4 1 0.0
12  3 1 0.2
11  3 1 0.1
12  2 1 0.1
11  2 1 0.1
12  1 1 0.5
11  1 1 0.1
12  0 1 0.2
