12 12 0  2.11
12 11 0  0.70
11 11 0  1.49
12 10 0  0.58
11 10 0  0.38
10 10 0  1.30
12  9 0  0.47
11  9 0  0.27
10  9 0  0.17
 9  9 0  0.89
12  8 0  0.52
11  8 0  0.19
10  8 0  0.07
 9  8 0  0.03
 8  8 0  0.67
12  7 0  0.33
11  7 0  0.04
10  7 0 -0.04
 9  7 0 -0.09
 8  7 0 -0.11
 7  7 0  0.47
12  6 0  0.36
11  6 0  0.04
10  6 0 -0.13
 9  6 0 -0.08
 8  6 0 -0.07
 7  6 0 -0.05
 6  6 0  0.41
12  5 0  0.27
11  5 0 -0.08
10  5 0 -0.17
 9  5 0 -0.18
 8  5 0 -0.18
 7  5 0 -0.20
 6  5 0 -0.20
 5  5 0  0.19
12  4 0  0.22
11  4 0 -0.04
10  4 0 -0.19
 9  4 0 -0.23
 8  4 0 -0.25
 7  4 0 -0.26
 6  4 0 -0.20
 5  4 0 -0.17
 4  4 0  0.13
12  3 0  0.24
11  3 0 -0.05
10  3 0 -0.31
 9  3 0 -0.28
 8  3 0 -0.28
 7  3 0 -0.38
 6  3 0 -0.32
 5  3 0 -0.26
 4  3 0 -0.24
 3  3 0  0.12
12  2 0  0.31
11  2 0 -0.01
10  2 0 -0.28
 9  2 0 -0.25
 8  2 0 -0.36
 7  2 0 -0.37
 6  2 0 -0.38
 5  2 0 -0.32
 4  2 0 -0.24
 3  2 0 -0.28
 2  2 0  0.07
12  1 0  0.27
11  1 0 -0.16
10  1 0 -0.18
 9  1 0 -0.35
 8  1 0 -0.37
 7  1 0 -0.41
 6  1 0 -0.39
 5  1 0 -0.46
 4  1 0 -0.28
 3  1 0 -0.37
 2  1 0 -0.36
 1  1 0  0.10
12  0 0  0.18
11  0 0 -0.17
10  0 0 -0.28
 9  0 0 -0.34
 8  0 0 -0.38
 7  0 0 -0.46
 6  0 0 -0.42
 5  0 0 -0.41
 4  0 0 -0.46
 3  0 0 -0.36
 2  0 0 -0.39
 1  0 0 -0.35
 0  0 0  0.21
12 11 1  0.91
12 10 1  0.90
11 10 1  0.56
12  9 1  0.77
11  9 1  0.63
10  9 1  0.46
12  8 1  0.66
11  8 1  0.56
10  8 1  0.39
 9  8 1  0.29
12  7 1  0.57
11  7 1  0.16
10  7 1  0.34
 9  7 1  0.11
 8  7 1  0.34
12  6 1  0.58
11  6 1  0.29
10  6 1  0.32
 9  6 1  0.33
 8  6 1  0.08
 7  6 1  0.21
12  5 1  0.65
11  5 1  0.31
10  5 1  0.19
 9  5 1  0.13
 8  5 1  0.16
 7  5 1 -0.09
 6  5 1  0.17
12  4 1  0.44
11  4 1  0.30
10  4 1  0.10
 9  4 1  0.02
 8  4 1  0.05
 7  4 1  0.02
 6  4 1  0.12
 5  4 1 -0.08
12  3 1  0.62
11  3 1  0.03
10  3 1  0.02
 9  3 1  0.13
 8  3 1  0.14
 7  3 1  0.15
 6  3 1  0.04
 5  3 1 -0.06
 4  3 1 -0.08
12  2 1  0.50
11  2 1  0.31
10  2 1  0.06
 9  2 1 -0.02
 8  2 1 -0.08
 7  2 1 -0.13
 6  2 1 -0.06
 5  2 1 -0.07
 4  2 1 -0.05
 3  2 1  0.05
12  1 1  0.57
11  1 1  0.14
10  1 1  0.03
 9  1 1  0.00
 8  1 1 -0.19
 7  1 1 -0.16
 6  1 1  0.00
 5  1 1 -0.07
 4  1 1 -0.12
 3  1 1  0.04
 2  1 1 -0.07
12  0 1  0.34
11  0 1  0.32
10  0 1  0.07
 9  0 1 -0.22
 8  0 1 -0.06
 7  0 1 -0.13
 6  0 1 -0.08
 5  0 1 -0.20
 4  0 1 -0.01
 3  0 1  0.01
 2  0 1 -0.06
 1  0 1 -0.12
