12 12 0 2.4
12 11 0 0.9
11 11 0 1.8
12 10 0 0.8
11 10 0 0.4
10 10 0 1.4
12  9 0 0.5
11  9 0 0.3
10  9 0 0.3
 9  9 0 1.0
12  8 0 0.6
11  8 0 0.6
10  8 0 0.2
 9  8 0 0.0
 8  8 0 0.7
12  7 0 0.4
11  7 0 0.1
10  7 0 0.0
 9  7 0 0.1
 8  7 0 0.1
 7  7 0 0.6
12  6 0 0.3
11  6 0 0.0
 9  6 0 0.0
 6  6 0 0.5
12  5 0 0.3
11  5 0 0.1
 5  5 0 0.2
12  4 0 0.2
11  4 0 0.0
 4  4 0 0.3
12  3 0 0.1
 3  3 0 0.4
12  2 0 0.3
 2  2 0 0.2
12  1 0 0.1
 1  1 0 0.4
12  0 0 0.2
 0  0 0 0.3
12 11 1 1.0
12 10 1 0.7
11 10 1 0.5
12  9 1 0.7
11  9 1 0.4
10  9 1 0.4
12  8 1 0.5
11  8 1 0.4
10  8 1 0.4
 9  8 1 0.3
12  7 1 0.3
11  7 1 0.2
10  7 1 0.2
 9  7 1 0.2
12  6 1 0.4
12  5 1 0.2
 8  5 1 0.0
12  4 1 0.2
12  3 1 0.4
12  2 1 0.2
11  2 1 0.0
12  1 1 0.4
12  0 1 0.3
10  0 1 0.0
